0 5 17
0 4 20
0 1 20
1 4 45
1 3 32
1 2 21
2 8 23
3 7 35
3 8 24
4 3 11
4 6 20
5 6 26
5 10 20
6 12 11
6 11 3
7 10 11
8 7 17
8 9 7
9 15 15
10 15 24
10 11 12
11 13 20
11 14 5
12 13 7
13 19 11
13 18 21
14 18 33
15 17 25
15 16 13
16 17 15
16 23 11
17 21 7
18 17 5
18 21 11
18 20 17
19 26 27
19 20 11
20 26 20
20 21 8
21 25 7
21 28 20
21 22 7
22 24 16
22 23 3
23 29 22
24 28 15
24 29 5
25 27 3
25 28 20
26 25 19
27 33 24
27 32 16
28 34 11
28 31 19
29 31 23
29 30 11
30 35 11
31 35 23
32 34 25
33 34 40
33 35 12
34 35 25
35 36 23
28 34 22
34 36 11
37 38 9
38 39 10
39 41 14
40 38 33
29 40 16
29 40 3
33 41 35
22 38 45
24 41 18
35 40 18
32 39 27
35 37 14
28 29 20
37 38 31
30 36 25
36 47 30
37 46 28
38 45 17
39 44 15
40 43 22
41 42 35
42 47 21
43 47 14
44 47 11
45 47 20
46 47 9